000682
005332
007994
007574
004672
005042
001919
008523
002369
004613
001195
006543
008289
001088
003309
006803
002709
006798
003727
004181
003928
005221
001756
002891
005441
008207
001490
005564
000939
008067
001101
004217
001681
002415
003425
007295
006536
001007
005459
007120
007026
002051
001828
002534
002318
008312
001210
000761
002010
005954
006827
006787
003772
000628
006654
000822
001668
005233
003959
002213
004951
005528
000603
002552
000684
000249
004116
000260
004066
001419
007425
001966
003452
001334
007164
004292
005248
000817
000891
002383
002647
000099
002239
003618
005396
000635
005629
007000
003028
005715
007839
004674
007923
006268
001227
006014
006368
001395
002584
000806
006217
007483
005930
006498
008147
003003
005886
004241
002643
005856
004643
004810
005625
002718
005726
004018
002063
004177
004581
000035
004517
002953
005733
002325
007560
005105
000613
007876
000770
003707
002016
005412
001693
003450
003234
003483
000826
003183
003964
007614
003324
000392
008129
002097
007104
002984
007335
006809
000922
002622
003017
005983
004899
006852
007404
003667
007951
007639
003629
004441
007177
008474
002027
000157
004706
003659
000869
007592
006947
002828
004350
001570
005976
000913
000214
004563
006476
000543
007655
001990
005859
004617
006786
003907
004478
007494
005634
001516
001970
002952
002930
006140
002175
004137
000306
001290
008403
007205
005402
004384
003781
008434
000542
002200
006713
004342
005959
007940
006443
002350
004383
003806
007113
003812
001347
001892
006651
002850
007420
005079
006375
003544
008334
000964
003107
004747
005456
003962
001093
002962
005829
002902
001344
001713
003621
007170
006503
002021
005561
002781
001380
006255
005946
008357
000849
003865
008457
006229
003206
008329
003893
003423
000618
002047
008297
000583
000452
005371
007431
008405
004446
001249
004381
006399
000430
005215
003320
006656
008435
005732
001201
000796
007533
004305
006939
000106
004041
003367
004577
003905
007555
001367
001368
008246
003364
004728
003666
002542
001821
004807
008520
003840
002042
005269
003143
004714
004638
003072
007901
002560
005033
006260
002346
005746
007617
003467
006201
005271
000570
005675
001160
006775
007761
007520
006409
007355
007374
004032
000219
006144
006883
005021
002397
001707
003931
008299
007673
002789
001701
002519
004950
001763
000125
003478
008232
003081
003201
007797
004007
007993
008313
007290
003181
006071
004141
000998
002453
000918
002280
002195
008156
001972
006340
007367
000614
002588
002688
001950
007928
004856
005242
000880
002489
004401
000597
003375
006920
003911
007981
004963
001927
005494
002197
003112
005463
008007
005334
001929
001941
000743
008016
006893
006303
008397
001776
008176
003542
004431
008030
000143
005624
003304
004640
002074
005847
006120
006616
000479
001112
004600
003276
004326
004795
002463
006606
000701
002689
006776
000427
007225
003700
000013
000274
002326
001443
004426
007653
000211
000328
005354
008258
004496
003511
003463
000299
003254
008376
005064
002865
005507
006942
005055
003464
005424
004629
000965
006769
000153
000569
003863
005357
000842
001332
004873
004890
004260
003430
001156
005295
007466
007912
008388
001578
005824
002536
001672
000255
003440
007504
005542
003174
008320
002485
001033
003008
006648
006978
000812
001799
001011
005171
000492
004908
001803
000221
001609
004796
007156
008191
002874
005858
005226
002154
006209
007045
000513
005415
006040
004525
005134
001984
005385
003179
000728
007946
005938
005213
006790
002987
003322
005097
005702
001477
006215
003239
004549
000385
006552
002644
004438
008078
001008
003021
003316
001039
005258
004444
003075
003681
004304
000332
002091
003675
003945
008013
001085
006192
002449
001022
006579
007111
002625
001758
007749
006007
006525
003089
005948
003619
007331
007609
003577
005345
002037
006450
008109
000077
004454
005101
003214
008400
005511
001414
008026
004338
008062
005899
000550
001303
003448
008132
003221
006402
002853
004973
008236
001948
008310
005639
000104
000799
000131
002472
007929
003531
006110
000518
000001
002695
008196
005744
005339
006875
004434
006414
006042
005508
003756
000002
005468
004997
006057
004955
004900
007395
003211
005421
002652
007369
002282
000917
007591
007273
007851
001246
005367
006657
002477
008395
001116
002538
003386
004370
005307
003295
003780
001847
006190
001061
006254
007849
000851
000244
006158
006435
005582
004442
002608
006332
007967
000019
007398
005627
000240
002146
000541
000533
005458
001398
003099
007321
004371
002944
006028
003037
002459
000418
005227
005612
002708
006541
003392
003436
008139
005714
002581
004432
001278
008252
003658
008217
006766
000621
007597
005645
006365
007360
000401
001071
007615
005845
002672
007138
000360
005148
000188
004827
001146
001520
007596
001665
004052
000485
000625
004837
004409
001189
002210
005030
004616
002457
003953
004552
003466
002846
000339
004348
004235
002436
004138
007468
004360
005922
005132
004443
003715
000870
000889
007850
006064
001373
007551
005722
005955
005136
007399
005907
007143
007002
007271
001046
006748
008126
006416
003864
004044
006808
003444
002502
002150
007758
004797
005077
000762
008136
000685
000395
006198
007256
000650
004061
006772
001640
001021
002302
005967
002416
006970
001631
005187
003826
007442
005370
008105
008327
005366
005834
006899
003846
003849
006442
000501
002675
007968
001280
005142
008172
004197
000114
008440
000108
001075
000387
004771
004033
003215
003331
000860
001217
001565
003936
007317
000665
007037
004979
007708
002049
005991
004486
003728
004540
001198
001636
001805
004421
001133
001896
008428
001207
007371
005684
007733
005592
002674
005131
004530
005237
006122
002852
005249
005185
007199
006093
000065
008489
008226
002066
002371
003083
000354
002297
006752
001216
003045
003939
006730
005019
001997
004202
001737
004607
000979
005841
004792
003804
008184
008414
003424
000624
002103
007656
001103
005516
000827
005552
001411
005671
002221
008068
007212
005294
000331
005283
007634
006361
003296
005576
000124
006250
006678
004711
002370
004145
008364
004420
007161
004257
003646
005760
008316
003231
003630
006675
000888
004317
005698
005661
001562
000169
000123
002004
002041
002043
006558
006168
006680
005723
007153
008032
000792
003517
006880
001251
002087
000411
007989
006971
008263
004127
005586
005356
005080
001767
005573
006457
004923
003608
007760
004985
006697
000828
002023
005764
002461
000612
000955
003186
004558
005913
007925
004576
004488
003631
004533
002220
000594
003267
006343
003925
003540
008502
003487
003989
002279
007991
002349
000220
000651
003362
000787
007121
003103
005589
007799
006270
001469
007848
000555
005833
006247
001545
007005
004395
002635
005454
003431
006359
000731
001018
001768
005085
002913
007493
001579
005773
003332
002776
006800
003204
004373
002676
001444
002324
005742
001662
004654
003248
003384
001265
006841
004764
007654
008387
000710
004615
006993
000490
006704
003093
006421
001671
007651
003363
004461
001329
008120
006763
006636
005898
001686
004670
003701
003157
001606
001935
002614
000721
005063
004725
007602
000096
001211
005985
001552
007308
002982
000595
005467
001649
002293
001533
002788
001274
001639
004931
001779
002994
003913
005617
001904
006032
003747
005017
005840
004271
000263
007018
001855
007895
008480
001961
005075
004860
007669
004982
000617
005376
001940
004906
000875
001136
005580
004719
008331
003038
003759
003722
001796
005032
005250
008257
001895
002126
007860
005167
002426
001922
000165
005642
008291
000474
006705
000072
008468
001237
007924
001455
006126
003189
006724
006194
000412
000370
001089
005445
004031
004077
005028
007564
001422
001241
005112
008402
002454
007599
008332
007949
000410
001837
006587
003512
003330
001645
002446
004180
005988
001820
006765
003323
000844
005843
000846
006938
003985
007258
003135
000373
003414
008137
000978
004143
007616
003054
007100
004011
007065
005769
006744
005778
005407
003396
004005
001069
005363
003519
007495
006601
001002
008356
008493
002480
007454
001942
000878
006520
002642
004815
004065
000519
001659
004298
004001
007296
003679
000921
001036
002990
001153
000403
000166
002590
006320
008065
006647
004345
002771
006807
007732
000292
002484
003065
002050
005730
004591
004692
001643
006602
001827
001179
008253
000310
002842
000021
004418
007782
008416
001212
008522
005438
006727
008111
000064
002196
001863
007742
008279
007557
007725
007203
005696
008323
006411
008220
001171
003650
007997
007743
007381
005895
000193
002753
005562
007778
005281
006348
004464
003610
007259
000638
004111
001215
001187
004746
000507
002535
000388
003593
003036
005591
007016
007776
005728
005178
007522
000908
005914
000648
006459
006684
006213
000107
005447
007091
006173
002859
005623
000440
003986
000347
003095
000848
000620
001243
003541
005369
005432
003256
002570
003357
007346
003839
000298
006846
003098
005309
006425
007577
001778
002040
004731
002372
004105
005531
001568
000445
006464
000733
001301
008159
002152
005500
004335
001563
006631
003302
004130
007884
000786
001242
006757
004437
000273
007301
002888
003188
005301
005685
002164
002531
007916
000717
002235
003645
008370
008256
004925
004598
008177
006925
003670
007277
007944
004743
002927
008281
006056
007903
004259
006532
006604
006436
000903
003591
003906
000811
000181
002617
008027
000847
000080
007507
004760
008384
000355
008463
003698
007521
000311
007098
006178
007865
001218
000341
004139
003848
002756
002203
006203
003365
003223
002348
004518
007047
003576
002252
002071
003987
001106
006035
000760
002261
003714
008328
004701
001818
006731
008095
004944
006974
006100
006746
007805
000724
002923
002466
001912
005488
000845
003762
006533
000528
005599
003602
003628
003730
000539
003334
005082
000149
001123
004406
003813
006289
003941
003071
000556
001832
000083
000471
006732
005057
003049
007906
007660
005720
006548
004323
000909
004198
000300
004447
005870
000408
002670
008063
003128
007393
001159
006553
002970
000250
005091
007566
004677
002443
007469
006610
003453
004510
007688
004829
004084
000201
004571
001053
004017
004467
004809
006738
000782
000195
001932
006760
008410
004936
001113
004732
005758
008235
003182
001070
002398
001140
008100
001551
002300
004646
003537
002819
005904
000829
000472
008362
003538
007338
006468
002110
004387
001876
000105
005056
005713
003921
007501
004624
001714
002377
004772
007418
002036
000637
002421
006797
008138
001485
005774
004886
004106
007172
006208
000209
004630
003648
004367
004060
001673
007146
006485
002254
004633
005799
007060
003412
008091
003624
001690
001408
001475
008057
000466
002527
002737
005672
000911
006642
004758
006646
004227
006682
002557
001181
004079
005050
004895
002665
006392
007724
005495
007508
001433
006711
001705
006454
004864
000527
003532
000704
004566
008511
004178
003459
001044
007036
000480
001663
007270
001483
004589
003205
005060
000993
002616
007107
006181
000700
005923
000781
008415
001480
006008
000934
001943
004742
005701
006562
005909
005745
001003
001535
006357
001602
003818
000611
000483
005224
005191
001547
005644
002044
006801
000944
000659
007093
000283
007195
007539
007964
003855
001312
002190
006560
005486
006281
007266
000156
000906
002858
005451
004773
006092
002880
003506
003819
002360
008135
004455
007235
000783
001748
004361
004047
000572
001574
000802
005384
006725
007097
006448
001965
007696
001460
000970
006722
004969
005152
008193
002345
000171
007222
008206
004125
000421
008469
005414
007275
002624
005789
006366
000047
000285
000689
001418
005638
000818
007184
002825
006792
003943
001753
001030
004020
003250
001121
008039
005098
007537
006967
002594
007489
005410
004501
004888
004522
004000
000238
004332
005125
007188
000646
004067
001764
000559
007883
007453
005058
004590
005679
003113
002724
004933
002473
004664
003032
003647
002115
001641
002899
004252
004100
005974
004817
005399
003873
000722
004400
000007
002668
002053
003321
001205
007671
006739
006039
005577
007972
006594
002270
002989
000228
000215
002070
004010
000279
004249
001191
000693
008213
000381
006962
007384
001295
000805
005708
002008
003460
007230
006370
000316
000457
004325
007770
005916
002973
007543
004584
006618
001856
001991
004121
003486
002158
004487
003641
007322
004244
000003
002218
006700
001877
000642
006279
005568
007397
004386
001888
007050
007246
001468
004402
006386
001735
006313
007632
006714
001068
005925
007089
003564
006523
000203
001723
004015
004430
002499
003339
006266
000239
006018
008028
004691
006873
005365
003502
006384
001853
008081
008261
003074
001770
001658
008151
006019
008512
002878
003794
003578
002683
006830
002550
003561
001092
007559
001541
003052
004924
006728
003300
002780
004452
006672
002242
008198
004595
004548
006936
003148
000044
000678
002715
001279
005557
003689
002582
002832
008096
003481
004754
000206
002816
003140
007380
002112
007807
007307
001298
005470
003968
005819
007342
002114
008008
003723
003663
007349
006930
003638
006037
006183
003879
007565
007216
006153
000517
005247
007059
005818
004286
004814
002798
001269
007375
006111
003358
003773
006685
008086
002829
002462
008495
005477
007040
006164
006467
008506
007727
001845
004635
000741
005048
000326
003192
000436
006676
002451
008222
006577
000644
007169
004755
001383
007751
003643
001752
004989
004364
003712
002525
008325
005534
007419
002365
003009
002862
001263
001131
005484
004498
004751
004321
004805
007728
003172
004046
007517
004191
000405
005450
005460
003050
005200
005969
005771
006364
001532
007154
008227
002085
001875
002368
000841
006843
001905
001745
008154
007010
000931
004534
002388
006502
006029
003716
001364
006526
002320
007486
006842
002430
000803
003518
004905
005553
000464
002606
007659
007781
006052
006578
008128
005877
007405
004119
001538
006570
005428
002178
007064
004382
003745
007251
002714
007815
003559
004578
007386
000995
004359
006193
002512
004875
007755
006185
001381
007243
008248
001423
000462
005984
003625
005489
000545
003710
007571
002052
005419
002739
002487
001592
000033
006980
001239
006055
002863
006089
006479
001928
002223
006148
005515
007697
006649
004507
008295
003880
002965
006910
001569
008368
002722
001736
002018
000747
001495
000227
000055
007003
005933
006793
005525
001199
003012
007826
008131
005120
006510
003400
004763
006603
000715
003680
004526
004698
004580
002342
001975
004993
002567
004583
006115
002876
004082
002503
007832
003944
000758
003724
008448
002271
007011
005892
007145
000549
000750
005162
006785
001434
003661
006286
004474
004855
000813
000867
007028
005163
001309
002545
002174
002794
007447
005336
006567
007621
004210
001273
001355
002031
001917
006175
006845
002546
003755
003489
003898
001286
006267
001656
005108
003665
000314
002901
008483
006155
007712
005229
003660
008024
002587
003198
008317
003651
005220
007148
006119
006855
005917
000234
007198
002663
005692
002671
002784
008237
006202
003972
001281
006453
007954
007623
003251
007025
001583
003434
000493
000764
003594
008038
008094
005257
006483
004054
000554
001766
002194
006582
007552
004606
004820
005854
002391
002579
004998
004389
004959
001952
000027
003720
008053
001100
003426
000489
008496
000459
007719
003876
006172
003147
008303
001835
001553
003391
002809
002630
006895
007846
003496
007077
002963
006908
002910
002465
007269
006764
007413
007162
002488
005099
008255
007267
000821
007294
006751
001695
001623
001076
000119
008346
008507
004189
007192
002022
002505
003934
008447
006248
004231
000005
006296
007087
006188
002669
005137
001813
004889
002101
006669
001306
001010
004962
005442
000653
007019
004124
004780
002057
008133
004585
007293
005446
001717
003446
006586
007051
004528
002185
001425
002554
004329
007855
001523
005018
005740
006771
007741
003766
006065
002144
008011
004981
003626
002304
002609
002355
002806
005169
000443
001582
008470
007313
001860
007048
007988
007542
002403
004129
006074
003355
004372
001792
006284
000928
002307
002061
004445
002822
001193
007948
006994
005020
005678
005839
008306
007463
003404
000972
006423
005950
002214
000876
002909
005069
005102
003417
001548
006564
001276
001508
000672
007547
005482
006308
005012
002743
004296
006107
004883
004098
001254
007480
002783
001465
000098
005977
000256
006988
005439
004901
008276
005408
000668
000897
002108
006259
002813
006251
008517
003847
007470
007802
000641
002266
004826
004778
002362
002661
003514
000914
007214
001811
001521
003293
008262
002506
003090
001604
007110
001834
001698
005010
001326
006605
000402
006715
002245
004192
008324
002259
000694
005476
007298
003869
006011
004687
002099
001389
006043
003808
004909
000989
003034
004539
003437
002035
002741
005265
003574
005436
003868
001644
001993
007756
005259
001660
000983
001760
002083
003488
004738
003995
000904
002191
003208
000502
000520
007310
007283
005176
008002
001622
003617
006224
004391
008197
001117
005863
007512
003244
001449
001000
008087
007969
000006
001183
003257
008464
003516
007130
006836
002864
006104
006023
003981
006629
006287
008181
000950
003569
001637
006961
002857
007318
003862
008059
005236
000589
001245
000932
001120
007096
007694
006073
000514
004642
005154
003389
008406
003428
003004
003278
002207
006566
002153
004567
004897
008385
000688
003622
003418
002890
007567
005992
001661
006145
006625
007305
006865
007603
005566
007446
005820
000090
002731
003092
002655
007503
003539
005256
000544
005320
000674
006673
004508
001220
006575
002747
004570
002497
001073
007388
006911
005210
007842
007458
000081
005239
004871
002690
001769
004183
002028
007193
002109
004512
001502
003692
007465
002389
006975
000407
007043
000585
004429
005212
003429
003265
004509
006789
003118
007801
008254
002020
001960
002699
005567
006405
001836
004949
000467
005241
000974
006511
003236
004362
005902
000319
007012
007915
004974
008121
006182
001458
004532
003984
007299
000029
004767
008373
006527
007658
003169
002119
004355
002176
006290
006717
005244
007753
003238
002758
001936
005550
005146
008361
002363
004173
008245
003784
006371
007352
008445
000053
002283
004460
000350
002306
002075
001152
008229
007866
005890
002992
007638
002088
005122
004175
005423
002104
001575
002291
005533
005277
005860
003535
003704
000287
007947
004045
000756
006983
001161
007497
005978
000982
002807
000599
004958
008350
008311
006569
007809
007443
005826
006482
004822
006272
005266
007383
006979
006832
004636
001203
006060
007183
000947
003351
004154
004425
004910
005483
003758
000023
005273
003110
000789
004877
007554
006950
002896
004456
001716
006432
005615
005817
004995
004170
003145
006773
004945
007481
001733
003750
000076
002182
003507
000866
008401
006391
000677
003788
003155
003162
002138
000130
005585
007400
002170
004055
000478
005581
000535
004194
005780
004588
002420
001149
001964
006010
002591
008117
002999
008443
001593
005703
000336
000163
001267
004167
004611
004026
004289
006956
006329
001294
002558
002757
006160
004059
001436
006063
001607
007645
004768
004172
003094
001512
003124
008242
001042
000152
003462
004299
001824
008367
008005
000026
004211
006446
003468
000512
005324
000154
006806
004862
008037
008149
001385
004803
001669
004476
003550
000296
000113
006670
005857
000563
002464
006817
007528
001530
004926
005499
006413
000949
000160
006516
004658
004813
000010
001897
005024
006046
002494
007971
001955
002765
003785
002344
000962
003613
004720
001466
003688
008481
007736
002767
008247
001090
006424
007737
002296
006837
004840
007262
007339
006600
006774
004632
002081
005989
001351
001372
005417
008130
000390
001361
005875
002791
005517
007987
003783
005011
007073
007681
001616
007491
004088
002693
007376
001051
002073
003262
006159
003149
003845
003870
007765
005694
004324
003073
007206
006466
005867
005510
002585
000458
002481
000291
000676
000011
001095
002286
005737
003877
000839
006210
004671
001097
000835
008143
001175
004967
002835
003312
006885
000833
001127
006088
000780
000574
007827
003903
006858
006400
003350
001899
003601
002782
007361
001831
001166
000288
008216
000204
001143
000675
006238
000881
001440
006310
007975
007720
008072
000307
001880
002728
003699
007046
004411
000118
005392
005693
005400
005935
006505
007232
001596
006027
004390
001231
001635
007038
006105
004853
001874
004188
005972
000028
006782
003795
005170
001268
004649
000591
004535
005532
001313
005724
003197
003799
006921
005389
001057
004090
001208
008319
003739
001058
004977
008061
007366
007136
001595
007605
006635
001028
008454
001224
000865
003084
001248
003494
000578
007396
006954
003842
000416
006139
006583
002157
007867
004852
001358
002241
005353
008423
007917
005452
008168
000008
008386
003253
004551
001783
007710
005871
001172
007417
002805
003144
007999
006951
002102
005788
001612
004608
000640
001144
002980
005043
006658
003896
007448
001982
006839
007979
007823
007935
000397
000217
001842
003736
007165
003043
004062
004221
003500
004112
002406
005119
005504
008441
007795
008500
005651
008201
007568
003765
007716
006372
003778
000629
001126
005666
008413
003763
004896
001715
004171
005393
004724
006328
001529
007094
004612
001731
007482
005168
005297
002434
003521
001883
003187
002772
007127
007811
006915
005403
005465
005355
001994
007775
008267
006393
004874
004799
001190
002799
002632
007711
001793
002752
002290
002258
006972
004652
006475
000093
007769
002919
005157
001740
001784
007792
000067
004961
003572
000610
004484
004943
000587
006901
008354
006814
006926
007643
003607
002928
007674
003597
008304
002216
008411
001843
000735
004179
003859
001979
005754
007612
004397
008250
003019
007341
007984
002754
001889
007610
006922
006909
007245
000819
003014
002687
000036
004504
000068
006344
005813
000258
000482
006212
007723
003586
008273
000245
001732
003158
001978
001336
004347
004729
001163
007023
000509
005748
005518
006571
005471
005267
008390
001429
004423
000276
003581
000670
007785
000745
002335
002077
000320
004761
007665
007368
001135
001300
007803
004736
003241
006628
004279
001330
008161
000772
000383
005522
006871
006304
005296
003513
006992
001078
000927
002917
002824
007783
006667
006002
005633
003729
003831
000318
002468
001354
006068
003345
006612
004311
007627
006747
006623
004845
000633
000356
001839
004914
005480
000368
002015
005322
000486
004884
005193
007622
007186
005861
002634
002596
000342
003007
003854
006031
003281
002740
001915
005349
001627
001921
007699
000182
005321
002180
001031
002337
004250
002948
006278
000223
001956
003069
004804
003449
000122
007370
001934
006733
008476
002735
002572
004846
003551
002770
000290
002710
007619
004668
007328
001650
005340
004012
007474
002514
004331
004306
007942
006987
003878
003844
003632
006958
002720
002402
000831
001711
000639
007137
006045
004099
008487
004946
005335
008363
001601
007082
000150
002011
005183
006496
008029
001501
000753
003609
006390
004790
002076
004560
002664
002382
001652
007135
001741
001603
006709
001225
000691
005579
003820
006674
001054
001903
001969
006253
004715
004163
005803
006611
004068
006298
004696
001067
008210
005990
001868
007300
006325
005524
008158
000516
000364
005444
003749
004209
006545
000910
002130
000850
004388
007606
000606
001409
002657
003318
007122
005965
000997
005197
005406
002205
008134
006240
002079
006844
007351
000564
005880
004036
004651
007239
001352
001546
005655
001785
006317
007423
006038
008148
001229
003403
004340
003655
005513
002120
002539
006946
001016
007754
007966
005827
007237
003676
006688
003013
000765
000886
003800
007415
004557
008300
002706
001879
005850
001999
002834
006719
001738
005770
000269
005832
003473
000396
004816
005192
004039
001980
007280
006472
003266
004072
001099
002111
005205
002301
007730
008456
000277
002713
003789
004527
008141
008164
003491
003306
002405
005326
002059
006005
000094
003856
002046
008110
001908
006473
000361
004756
002122
005274
000679
001363
001726
003992
000872
000687
001765
002192
001134
008035
005514
004378
008015
001730
002143
007538
004572
001947
005851
001470
007822
003315
005759
002080
000295
005466
002105
007421
000565
006984
006622
002592
000498
004690
006551
004142
005395
008433
008180
000009
004922
005966
005897
001342
008244
003134
003562
001192
008190
004351
007041
006716
005045
008382
005743
005088
008510
003933
005262
005942
000868
000857
006524
006848
004586
007484
001155
008424
007455
005164
002895
005905
004450
008365
002726
001577
003860
001702
002395
002918
002748
000192
003822
004027
002029
007069
005401
003373
004303
002285
000191
008321
001696
006186
008398
002969
004609
006504
003668
004834
005083
003652
004824
002264
000596
005194
000406
006624
000271
007828
002604
003960
003369
005089
003151
007593
008490
000334
005721
008192
002447
003245
008231
005554
007685
007729
006726
000749
004935
008101
002173
007241
004155
001457
006323
002605
003123
008375
003415
005140
003366
004980
004673
005648
002373
004096
008051
001617
008187
002483
001884
007628
002626
005303
007914
004779
001147
004394
008478
008294
006759
006626
003178
000345
004375
002470
007179
004689
004148
000078
002056
004169
003872
005734
000837
001110
004469
004830
001233
001858
003232
001001
001141
008040
008439
005014
003190
001513
003076
001266
002250
002744
007853
002438
007218
007365
005800
003957
007679
007931
002025
004218
005543
003337
007411
005121
007428
002774
003125
002249
006036
003965
005881
005323
006069
001333
007292
004641
002602
004108
001957
002456
006449
002095
002678
007600
005601
004297
001930
002217
002442
005873
004832
000178
000102
007306
007488
001771
003958
002629
004393
007793
002959
004006
008214
006058
003674
006500
005594
001184
000838
003685
000340
003397
005425
004136
002800
004238
005805
003851
001080
005809
007319
005382
002886
002329
003620
006249
000100
006179
002549
002269
002404
007982
005208
005903
000089
007085
006431
007962
007642
007786
004546
000313
000540
000235
001482
004422
008266
005361
004917
002467
003153
002860
002778
003881
006904
005628
002995
006996
005039
002366
008076
001809
008208
006985
007490
000751
005571
006607
002347
002522
006568
005067
003230
008393
001476
005753
006050
004352
001186
003329
005207
004150
003235
000807
000158
007336
002734
001247
003319
005251
005539
004879
002620
001931
006828
000015
007008
005115
006933
008345
008269
003923
006118
008218
005910
002957
001072
002651
006791
002001
006114
003858
007939
002751
002633
002526
000426
000022
006154
007031
007052
003053
005505
007514
000942
001963
008152
002005
003026
005523
006592
002759
007963
005874
003233
005076
003184
000422
006756
001846
001962
003740
005575
005664
004903
005618
003333
002595
000242
006917
004398
007835
006703
006025
007608
008437
001549
007039
001293
002686
001585
006184
002188
003527
003946
001386
005689
001129
001664
006356
006522
000365
003031
003929
004683
000907
004038
004769
005866
003997
007885
008358
000920
007686
003029
004667
004516
008125
008275
004358
006973
003731
004302
002621
005225
004988
002202
006589
000115
008108
000742
000774
002769
002314
005927
007152
000338
007291
007700
000337
007892
001335
004176
003963
001504
002491
005343
007229
008379
007460
002183
000725
006429
000085
003283
000746
000505
005705
000491
001065
000086
005506
002458
001625
003120
001277
003210
005331
002875
003059
005549
003993
006234
007575
001366
007014
005610
008293
006866
004214
001124
004495
003885
005022
004610
004762
007740
007880
004236
004838
004327
006252
002284
001920
007919
005540
002732
001194
007524
002390
004739
000487
005798
000573
006708
000871
007452
007691
007843
001405
001360
005479
001594
001700
002904
000988
006477
003343
000896
003536
000924
007163
006283
006840
001282
004074
007985
003978
000056
004081
008426
003793
002322
005156
003056
008412
005007
005776
002475
002441
001302
002248
001275
003935
003142
005727
002790
003887
005660
002431
004379
007044
006693
001683
004775
001474
000864
008221
004374
003160
001066
002089
000657
000890
003733
000111
000357
005765
006784
003287
001849
000246
006276
003988
005124
000380
005002
001878
002064
007879
003388
001004
002627
005530
003790
005747
003146
004957
001384
005061
007838
001447
001077
003378
007126
007825
001015
003554
003924
007859
003633
003526
008290
004808
005520
004850
005092
004272
007804
003485
007272
000769
000615
006051
008182
006609
004939
006912
006195
002009
007451
006802
003950
006521
006397
000404
003568
005578
007436
004208
007062
001091
008287
000558
005364
004261
000190
008225
003726
008296
003258
000963
003639
008508
003131
000468
003737
004069
001435
006529
008185
008175
007902
004757
006243
005118
006337
007896
007857
005768
003510
003786
001060
000282
004599
007764
006964
004601
004740
007635
003677
001145
007787
007390
001588
005095
006066
000371
002615
008427
000809
003888
001515
008000
007579
008461
008045
000957
002653
006989
005260
006315
006116
006585
003280
008082
001898
004284
002921
001045
001451
001498
005711
004224
003547
000669
002721
003024
003616
006694
003202
002760
004135
006077
001346
004103
003691
002839
006163
002069
007798
004410
003706
007173
004502
002692
004206
000526
008146
005855
005956
005155
001590
006619
002179
000369
003884
001258
004346
001252
000956
005894
006816
005835
006834
002696
003829
000843
000766
004234
008381
003407
002945
001780
006223
004605
001180
008302
005929
003899
003976
004497
007288
006441
007102
007506
005647
000167
007057
000484
005493
001305
004159
000497
005031
008241
001370
005975
000986
000894
002682
008453
003465
001534
005065
008343
007546
005806
000415
007777
007281
000366
007176
005725
005574
005649
003654
001558
006935
007190
000317
004025
002123
001704
003792
000666
000112
007325
007485
003408
003803
006381
002983
006812
006632
000953
004114
003587
003383
001264
000795
001522
000222
003002
004867
006821
001024
005683
008318
006976
004721
006301
000580
001432
005663
003376
002763
007142
004978
005107
005786
004928
000132
002717
001812
005449
001526
003545
004544
008036
001047
002571
008020
004353
003937
003982
001086
004412
001049
007913
007261
001814
003938
007054
006015
002610
002039
002619
007570
002222
007738
007854
004708
000804
002639
000302
006216
008033
007274
000303
007213
000382
003220
005315
004086
007032
005219
000394
003508
005377
005654
008010
008421
002492
003914
007083
001182
002328
006161
003336
000117
007771
001115
008017
003590
000567
003787
002650
006698
000631
001083
004937
008340
006338
002017
005413
000500
007750
007327
003360
005928
006495
005313
007882
007890
007618
006652
008503
004932
002171
007042
006054
003991
007847
005709
004310
006796
000469
006242
000224
005206
002166
006264
003771
000257
003268
001253
005921
008144
008048
005188
000243
006902
001794
000043
002234
007492
004293
001012
002167
002339
004204
003046
001315
001789
005005
001292
003352
000737
004543
007099
007676
005635
002636
000324
004783
005951
000144
007058
006995
002866
006876
007334
007909
007109
004440
004107
000940
001392
005852
008408
007159
004490
001709
002867
004313
001232
005350
008088
006403
004468
008166
003154
006634
005090
007888
001310
008462
003115
004021
003455
005049
000194
001442
007072
001613
007650
002428
002988
004828
006859
004515
007893
007584
002906
006554
003085
003406
005066
004219
005547
000884
004603
006900
007752
004285
003141
004748
001510
000673
000771
007808
003827
004232
007831
003106
002628
001148
007731
002425
004801
005741
002524
002439
001688
000135
004836
008153
005973
004744
001260
005383
000433
004254
001666
000768
004093
003614
002697
003705
004318
007955
001314
006345
000736
004841
000919
004462
004953
003087
007498
000784
005825
001472
007276
003951
001492
000588
001550
000767
002332
000692
006373
000686
001497
000568
006075
008042
008515
003947
002933
001537
008119
007112
007692
002381
003656
005947
001624
005292
003534
007863
007253
000170
008019
003273
001729
002445
005559
006768
000905
003272
001971
008115
007943
007248
007817
007108
007479
000189
000791
005139
005348
006982
003867
001524
008514
001580
005791
001777
004722
001287
001459
004416
004290
004524
001235
004604
000823
005290
005537
000284
006236
000619
000852
002811
000202
000138
003956
001396
002898
002414
000634
003802
000623
001188
000882
008155
000346
002121
008314
002375
003044
001902
007391
004156
005632
007531
001082
003770
004885
006395
003091
004970
002924
004309
001445
003503
006166
007362
001102
003669
005563
000030
006101
001864
003368
003216
003583
004075
006232
002357
002386
001365
001094
005884
003983
000413
006342
008337
001391
004465
000600
001682
003294
005836
002847
007583
007377
007197
004639
002435
006218
007757
005939
006591
005391
002797
006273
007029
004128
002113
000041
002645
004399
005797
002966
003047
000121
004741
006546
004878
004050
006433
002979
005288
004013
000718
005368
006417
000455
001802
003010
003767
008472
001138
007450
002537
004553
003498
006048
005015
006162
006474
007238
008450
001788
008282
005052
004964
006718
008341
003006
000309
006426
002830
007869
001404
003553
000451
005509
003703
003340
008124
003567
000966
007076
004825
001614
006131
002156
004579
004659
003779
002137
000268
004626
003001
006246
002559
001882
002656
002316
007958
007382
001096
000461
005795
004545
007950
004684
001325
001250
000146
001865
007545
001619
000137
005094
007347
004821
006049
003834
003853
004315
001599
007558
004269
004854
006347
003313
001514
005669
003807
001891
005739
001111
000793
002315
003479
002125
000172
008064
006929
004385
001629
004759
002007
000548
007661
004991
007185
003380
000208
000571
007009
004656
002243
000801
007211
000092
000391
003482
007687
005987
006767
007784
005314
002673
007001
008309
007904
003166
005319
008283
003557
002247
005481
007532
002725
000788
001543
008333
002062
000046
006888
001694
003126
005110
006580
002493
007703
001337
006458
003159
006596
002975
008446
004662
002543
000590
002932
005141
006559
006009
002943
002786
007024
007444
003809
004316
001105
002618
005772
003122
005426
006082
001850
008001
006538
007067
007953
002574
006813
006666
001114
004621
008056
001043
001751
003833
004587
005116
002521
008071
004519
006374
001424
004207
004695
006142
005998
002593
007345
005846
004592
001822
002844
007265
006507
008491
001505
004030
000744
003823
002288
006293
004718
005864
006779
002977
003653
001343
002496
005593
008069
007631
002352
005253
003644
002508
001795
005572
006518
004960
000226
000757
004868
004087
004366
002226
004966
005104
008330
006963
001539
008215
001196
004710
008360
007202
002523
003748
004080
001041
000536
000259
002997
002310
004872
004273
000374
008107
000530
002274
004344
002868
004195
005487
007541
006927
000503
003385
004466
006312
003307
002870
006969
000186
006408
002351
004157
002090
005333
000351
006478
007124
004263
006528
003533
005490
006130
008322
005305
001754
006621
006556
003439
007223
006455
007977
007908
004265
008460
002958
000960
002184
003196
005937
008451
001486
000473
007311
003348
001710
005716
004414
002228
006598
001633
006204
000705
005590
002116
008274
007285
006539
002719
008374
006778
006422
006026
000709
002578
005359
000042
004357
000933
000601
005536
001478
002305
000164
002423
002733
006257
005218
003600
005041
001557
006219
005252
002954
003558
008089
005943
001988
007718
005710
002991
006854
002707
001918
002818
003285
003635
006729
007986
002934
004063
000873
000607
008417
001428
000861
000935
003509
007071
005159
000534
005327
004644
002951
003940
001800
002432
002225
006237
003411
004869
001401
002882
003000
003033
004954
005245
001063
006542
001308
002851
005201
006864
006244
003274
002712
003116
004408
008212
005429
001914
001670
002358
000863
002723
005180
001949
001027
007678
001439
003382
008351
000981
001084
007473
004511
006199
005646
005150
006138
008171
003852
002471
001299
007818
006123
004101
007530
006095
007426
008170
000524
003917
008092
006838
007207
003522
001571
000004
003573
002641
003370
007706
004891
001841
006125
007309
005804
000199
000992
005971
005235
001509
005437
000253
003952
007511
007034
005893
005736
000289
003016
003817
005420
004037
002256
002469
005777
007698
005763
003484
007260
005503
004009
004436
000231
007789
005223
004520
001081
003560
003067
004146
006226
007970
004019
004255
002947
000159
005478
001222
006451
003697
000899
007021
001230
004463
006749
006805
004686
001907
003598
007106
004243
003816
002361
005337
003909
007432
000187
002883
004503
005329
004453
001256
008083
005812
008102
004222
007166
000174
008009
007158
008419
007872
007200
006643
005757
002135
002038
006851
007525
004083
006169
000016
008243
003173
003041
005416
003269
006574
003176
005054
007693
007791
007020
000470
001331
007881
007075
003836
004634
005614
006565
004631
008173
008238
002187
000398
003055
004919
006535
007536
000898
003754
004053
008203
007132
002801
004930
005545
008272
007633
004042
002162
008420
000069
003247
005602
008014
004161
003686
005691
002547
006430
005373
007074
008465
004839
005584
004976
002667
005029
001489
004166
002517
000147
003961
001272
004368
001132
006277
006353
001107
005071
005341
001611
007941
004752
005918
003398
002854
001487
004205
002208
001109
002681
008347
003416
000378
004614
000062
007992
007240
001255
000423
005275
007402
005485
005375
006067
002201
002905
001567
000671
008432
000984
007103
003742
006968
005328
003497
008209
007976
006699
002321
000476
002078
007407
001708
003832
000816
005177
003525
006355
005960
000060
006469
000510
007780
008240
002327
004898
005844
006334
003570
000184
004278
008123
002033
004902
001463
000389
004336
002168
001388
006665
004300
003469
002679
003606
000052
006265
003079
002810
006547
006360
004704
001830
004682
006280
008044
001657
005397
004132
005409
000063
003579
007358
008407
006681
004851
003394
006004
008458
007856
004078
002548
008442
006376
005430
002704
000523
003563
004233
004251
001244
005352
001499
002092
006640
001150
007707
005783
005961
002045
002949
002265
008142
004915
001270
002968
002972
006919
001098
003671
001339
006561
000353
001734
003769
000853
002583
001320
002474
000377
001953
002336
004162
003912
004477
004660
008383
005264
006638
006599
004491
006615
005186
007806
007472
007464
000128
000175
004258
004330
007289
007745
000714
004168
000719
001951
003461
001591
003977
005674
005816
004990
006745
003764
001234
006091
007961
000604
002160
000488
005756
004343
001775
006668
004471
003048
004716
007119
006497
002694
002412
006132
000267
004337
000367
001087
005790
002931
007936
002700
006659
003753
007348
007502
006378
002544
004029
006275
004225
001945
002093
005980
003548
001632
002084
003530
003955
002504
008041
006872
008335
004818
003529
003752
007672
006396
004554
000892
000521
003325
005472
000322
006860
007056
007435
000996
004929
006099
000915
002561
002311
003387
006380
003744
006663
006650
007053
008075
006555
004663
000608
003702
003433
007499
005311
005070
002638
006288
002607
005912
004952
002378
003890
006517
002000
000101
003271
006302
003082
002563
004396
005232
002956
003078
004056
002181
007689
006108
004623
003908
008366
001074
003571
000196
000050
003441
008260
001118
005996
006222
007550
003203
004308
008486
005785
007467
005868
006630
004085
000702
001169
006412
005717
005422
004035
002026
000335
003971
000251
001647
000265
004034
004975
000051
006256
003552
007589
004122
004240
001755
008090
003695
007353
006644
001674
005100
000825
000434
005153
001464
006440
002140
008194
005997
000775
007529
001576
003191
008449
006282
008265
006129
007217
000508
005583
003136
003327
003708
001034
001561
005637
002837
004230
006428
002976
006662
005889
005888
002058
007416
001890
005707
007125
006061
000054
002553
001448
002359
000417
001651
003640
008444
001744
001977
000794
008205
007412
004380
007640
005719
003555
003861
007427
004405
005243
007677
002224
007409
000859
002915
001165
001798
005182
007224
003086
001430
000344
002777
005138
007907
007945
003030
007461
003152
000463
003298
002251
004699
005994
002884
007209
007739
005801
006627
004076
006736
005135
006884
008392
000450
008204
007657
004842
001223
006434
003288
004568
008292
007595
003603
000266
004785
002716
007535
006770
003973
006981
006085
001341
006903
006734
005222
000375
005129
001288
008202
003490
005887
007648
001104
008160
005062
007578
002476
005926
003062
000713
000778
007746
002107
001973
006692
002334
005605
006331
000525
004186
005607
001062
006948
006486
006128
003990
005636
003077
004920
002331
003342
004459
005653
002032
004904
004133
000278
005255
004513
000155
007356
003743
002920
000954
004798
003299
000229
008012
008430
007440
006686
007171
001667
004268
004242
004573
001400
001214
001376
008380
001655
008284
001259
000885
001851
008163
004787
000511
006595
004559
003303
007500
005316
006508
003259
006515
001906
002817
002831
002955
000734
007957
003456
007790
006207
007090
005883
006297
003595
002640
006363
002276
005464
005986
004433
004802
000930
003470
005036
001618
006189
001852
005837
003284
006406
000207
006336
000358
003926
004253
001503
004199
000448
004479
005025
000690
001954
002779
003286
003501
004730
002764
005298
005848
005346
001356
000297
005198
008066
007462
005161
005289
003105
006096
001727
003301
001177
003419
002750
006017
005962
007821
007027
007509
004280
005128
004823
008339
007662
001338
000435
006645
002845
004048
004811
001923
008199
007523
002795
005964
003673
005838
003857
003678
007611
004561
000551
001886
005360
002131
004256
001317
002684
004028
004717
003757
002746
005796
005944
002479
005658
001712
000233
005300
006241
000566
005548
005497
005431
008342
006053
000605
005640
004665
002303
000797
001017
003761
005160
001816
004971
003051
000810
004493
003717
006743
005072
000779
007926
005046
003477
002974
003589
000902
000681
006383
001584
007978
006269
004940
000763
007191
002872
001801
001417
005755
008467
007886
004499
002533
004439
006934
004833
007747
000168
007714
008021
007505
004847
005924
004158
007324
003746
003824
003636
004314
004542
003524
003137
004788
005165
000938
000622
003592
001202
007439
005807
003996
002993
006491
007385
001437
004735
004582
004892
000720
002006
005680
000586
002808
005443
004537
004994
001236
001035
004618
004334
003096
001397
000730
005308
008521
004913
007891
000946
001974
005087
003505
004057
005932
001328
007140
006897
006094
001410
005565
001781
005278
004555
002843
001064
001048
006136
001462
008211
001037
007871
002407
000034
002511
002803
007035
005374
001871
005037
003443
007704
004876
002455
001833
007573
006513
005519
004152
007379
006655
007680
006990
007816
004648
006294
003775
001226
001506
000879
005081
000975
007887
002374
002510
006544
008074
006819
007389
004564
000553
005433
002900
004451
004866
005787
001185
007133
006928
007965
006870
000446
007147
004147
005686
005004
006330
001680
006149
000127
003837
001810
007773
000562
000372
004458
002775
004786
004489
000040
005284
002067
005073
000048
001415
000173
007960
001170
005209
001025
002873
002841
005381
006196
007408
003458
000895
000248
000097
007410
003088
004849
002727
004237
001059
002551
003776
005111
001913
005217
003850
003605
006706
005687
007006
007394
007932
003023
003209
005596
007819
006016
004774
003480
007129
005254
002408
002666
002393
007387
005749
006379
007938
003871
004745
007563
003374
006849
000437
001174
005127
004457
003476
001724
008372
003696
000460
004622
001968
007641
000923
008055
004569
007549
004262
003719
002907
004777
005849
002577
003735
007646
003825
003841
007644
005699
000133
006427
002002
003291
008509
006689
001471
003344
002129
005074
002124
002849
008077
002132
000576
006335
005650
000626
000976
008504
004506
006220
002515
001413
004893
007231
006463
005752
002054
003347
005570
005114
007868
000308
004239
007800
001958
007840
006346
006316
000654
000697
003185
003163
000808
001597
000139
007873
001357
000363
001653
002060
004213
005117
003111
006754
006878
004485
006959
005047
000929
008394
006581
002540
005882
003109
003227
005034
007477
008473
002411
002881
001678
002490
005147
007105
007810
000272
001412
005130
005199
005968
003438
006271
002127
001807
004216
006206
007702
006080
004294
004627
003451
003410
001586
000424
001772
007556
006943
002961
005613
000755
004097
005203
004164
005051
006530
000095
006350
002229
000994
006318
004102
002309
008165
002219
005344
006187
006755
001867
001353
007861
004700
001844
003168
005173
005261
006907
004733
003611
003623
003025
002417
001197
007284
005234
004666
001742
003228
001304
005957
002424
004281
001815
006653
006966
001375
003901
004881
007254
000643
008391
006197
007845
000667
005603
005668
003588
006955
002649
002263
001456
003200
004008
002273
002877
001137
004984
007748
000325
001316
002912
007151
002938
004226
002019
007900
005181
001759
004992
003218
003797
007475
005616
002766
004174
002003
005068
003349
003372
001721
007772
007878
008018
007995
005179
003457
004246
000579
006701
000312
000759
001488
002935
007068
005808
002654
000951
006171
008492
003718
003058
008052
006321
006660
004266
003277
004882
001321
007548
004916
006205
003580
001654
007594
006200
001728
002068
003975
007572
005427
007601
002889
000183
000039
001648
001773
001697
003249
000893
002193
001374
000386
002600
008085
002833
005282
008485
006134
007715
002685
005842
001178
006471
003711
001426
000024
006133
008004
005620
002613
006721
006835
001909
002914
001626
001900
005670
000232
007149
003657
001257
007515
003114
002755
006078
005626
003420
005802
008475
008277
004782
000968
006410
003005
004723
004620
004712
003402
006437
004602
000581
005166
004356
005600
000162
005411
001005
000136
002998
002981
003399
007030
008116
007128
008006
007204
003543
006906
007937
001859
001531
006135
004110
006418
008104
000999
006633
006499
000916
002680
003039
000264
002094
001703
003229
004022
000711
006415
000926
003815
004043
000254
002387
006461
008497
002869
007794
005390
003390
007540
008378
000399
005230
002281
006333
007561
002232
002978
002742
000323
002422
004911
002161
000140
001573
003346
000598
001869
002792
004679
002163
002333
006047
006687
001881
002211
000025
000925
006829
004565
005657
003314
002908
004149
007201
001620
001379
002186
003212
005347
001450
001491
000420
006550
007414
003070
001454
006112
000230
003768
005149
006890
000977
005285
007518
006398
000532
006847
005096
004369
005538
000210
001130
004160
007527
006877
004793
001283
006941
007364
008058
000504
000499
003874
008353
000362
006113
002142
002964
006314
003900
002532
000754
002566
005405
004094
002231
002275
003694
000627
001819
003255
005735
003213
002528
004120
005659
007221
007302
005781
002637
008178
004470
002861
007081
006369
006850
000315
005040
004628
001154
001791
006098
006593
006157
002147
004681
003219
006584
003442
002986
000662
002317
000577
008183
006977
003798
000840
004475
001128
001387
001162
000712
004734
000632
000630
001228
002802
003814
000546
001289
003801
003932
001536
000798
004270
003920
001677
003475
006087
007343
000948
002555
000494
002659
002516
005652
006291
007279
005325
004921
006945
001151
001023
006339
007449
001750
006531
004424
003474
007297
004848
002400
000991
007744
002814
004118
004201
002565
002117
003243
005026
007160
002946
003471
005569
007562
001826
008157
004277
004865
005001
000658
002209
007066
003970
002879
006322
000814
001164
005963
002262
004223
003979
006815
005712
007403
007973
005919
006420
007586
002013
006388
007833
000582
003217
003409
007918
000698
003493
003612
002410
008377
005280
007340
000000
004547
002289
005878
006509
003027
005901
000281
005876
004523
008336
001887
002330
004697
007713
000218
003225
000748
002520
004248
001762
006233
001206
006070
006327
002821
003575
000057
007553
002048
002100
002444
007670
007227
007429
006794
008271
003317
000726
008188
000333
006563
003684
000384
000197
004538
005195
003171
000198
005700
007445
007768
005952
007877
007157
001403
003117
005053
005474
006863
006826
001032
000496
008315
007344
002233
006723
001925
005270
006783
005934
006170
006549
004312
006262
006137
004562
004288
007837
005695
006081
003886
007763
005404
001959
004556
000656
007250
001427
004726
000959
007434
008189
005434
001885
004095
002691
004880
005911
002703
007663
008285
008034
001987
002199
005175
002887
008140
001687
004212
005013
005078
006305
006447
002145
002885
006151
000636
000379
004694
003725
007078
008479
003637
003359
001924
000777
002478
001555
006438
005738
006489
003447
008488
001559
000079
007055
002429
001167
005958
006295
005667
007329
002658
007061
002702
005995
006916
002586
007513
000616
007858
005492
005604
007242
003260
007004
001944
008080
002815
006487
002155
002452
003064
000649
005174
002437
005729
006387
004349
007070
000707
000739
004541
007373
007735
003063
004287
001610
008022
000449
006537
001438
001689
006944
005541
001684
008307
007581
002597
001825
006762
005676
003224
002448
003980
002646
000329
001200
001587
000091
006707
002611
008505
000727
006799
003492
005558
001566
008404
000830
001642
007998
006761
007141
000359
000973
005555
006097
007333
002562
000087
006540
008452
001511
006671
003796
007178
006896
006367
005767
001854
000073
001560
003310
000205
000321
007092
007123
006389
007084
007652
007726
004365
000084
000531
007722
001926
005448
008519
002169
000655
000945
000116
005598
001808
007667
002804
005172
003791
006953
006898
001019
001481
007228
000441
005106
005008
004765
005681
003642
007683
007181
001527
008298
005775
007033
001297
004140
000708
006084
001743
005556
004182
002564
003584
002698
004320
000854
006664
002253
001722
004229
004750
007252
003904
003709
002761
005779
003335
002204
006677
003022
004688
006462
005999
008025
001638
006661
007905
006753
004215
004247
002482
006999
004766
001291
000862
005372
000815
005810
006147
005662
002240
000270
005822
003882
008223
005263
008239
007401
006176
004669
008233
006470
003967
001461
004494
004200
006484
001079
005697
001893
008471
003830
001996
001838
004341
003528
005862
004812
002573
006239
004413
007441
002246
002118
004863
008098
005931
002745
007117
001782
000444
002172
000887
006853
000017
007613
003828
001108
005656
002486
003883
001219
003194
002529
000680
000971
003170
005059
007844
003875
004934
007701
006326
005526
001142
003040
008389
001371
000212
003843
004071
000832
006887
006079
005342
006124
001804
008301
003927
003057
005706
000037
004165
000560
001507
000432
008097
001168
000936
005529
005502
003207
008326
002340
002356
000699
001026
002065
003422
006362
006377
000438
006957
004301
001484
004023
001402
006590
008338
003664
001050
005286
007624
001589
004749
001528
008073
005190
000661
006683
000609
003919
003930
001407
005906
006177
000987
006758
000141
004956
006740
008195
005606
003445
003662
007182
006319
007430
005386
004835
002323
002313
003311
003341
004427
002871
006191
006608
002460
007956
000213
006572
008114
000800
008513
001262
000237
005103
003515
002838
006914
005330
001349
004693
000180
007862
006868
006033
001345
002601
000425
004435
007830
002440
004907
007774
007234
003102
004002
002212
001761
006141
003897
002024
007870
000824
001525
000584
002177
004003
001910
001797
005143
002500
000216
006501
003969
002897
007959
004472
006690
007636
008084
003252
001322
007350
007629
004115
004791
004702
006735
003292
002729
002030
008348
000967
007134
008305
001992
004575
002268
004283
000495
006822
002367
004894
007180
007983
003080
001020
006351
000773
004625
002950
003495
000129
001985
001540
006506
007392
007236
005238
003308
000275
000294
004417
001467
006231
006712
004653
007363
007695
000151
006003
003566
007095
007675
007013
005093
006307
001009
001894
000561
003435
003916
000990
000262
001556
000481
008093
002277
004404
004806
003133
002940
005435
002292
004483
003774
008418
002014
003282
004574
000454
003195
002308
001630
004245
002903
000075
001679
003949
000148
000032
007569
001718
008174
000305
000014
006892
008167
002384
000703
000515
005718
002662
003690
004481
000980
000071
001040
004857
004637
005682
004354
004657
001757
000602
007841
007457
001261
007264
007144
006512
005885
004276
005196
001699
005009
007952
006227
002230
007303
008122
002911
002612
006991
003565
000937
000293
004789
007647
008070
007316
007330
005953
002530
001378
008046
003127
003894
006285
001006
007974
005003
004536
002812
000645
002260
003892
002827
006452
005279
006341
002936
004819
001390
001238
000185
006460
002603
006445
006022
008268
002394
007922
008060
004996
001572
004861
004104
005853
002136
006401
006382
006923
002165
005388
007836
005551
003275
004407
007766
003599
002257
003042
001493
003356
000547
007604
005766
005830
002272
005521
003138
004844
003683
004831
004064
003108
002941
007220
000855
006881
001901
005941
000145
004661
002623
006833
007898
005496
001406
001675
001829
007920
005299
003405
005665
004070
007889
007015
001790
004448
004415
004024
004392
001204
008482
001014
004040
001038
007337
007779
005204
008286
007257
004529
000901
006492
002206
006924
005317
004727
007824
002141
006879
005595
008355
000943
006024
003377
000537
001382
001453
004419
000883
000280
006258
005544
006788
003738
007332
002295
004376
007510
004676
002738
002631
003261
006937
001946
002380
003866
004619
007208
000836
002401
004449
001393
000031
005535
000961
003942
005869
003353
008251
004089
000900
008396
000941
004190
005900
006998
000061
003338
004151
002128
004295
000431
006261
003994
002580
008099
004770
001377
005761
007587
007637
007626
006781
002996
005038
006494
006862
004737
004377
001981
003060
002267
007226
000161
007315
006324
008280
007980
008438
003782
008050
007934
002299
000663
006444
000706
000834
002501
000393
007118
006695
007471
006820
004784
005879
007406
005123
000453
003649
007022
005491
004794
003395
004196
002942
001340
005044
007101
006780
006006
006861
000952
002576
007829
006519
004655
006076
002569
007585
006000
002787
001296
004781
006576
003556
007598
004333
005214
007249
006613
002785
006825
007196
006174
003915
008455
003891
002343
003948
008477
004753
002338
005216
006086
003246
002916
000647
003068
000439
006349
007588
006127
008145
004776
001421
005811
000419
002820
001615
006311
006702
005293
002364
008352
005473
007233
001324
006021
004709
007424
003156
003139
006109
005588
003119
004339
003596
000529
001446
000110
004109
002413
003672
002418
007894
002568
002773
004049
003018
002925
001676
002055
003427
006299
000664
001157
007762
005970
006225
002922
004123
006102
006965
005609
007187
005133
004983
005202
005387
004550
000058
005268
005287
007534
007263
008200
006214
004987
002133
004016
008466
004800
005945
007079
005751
000557
001479
000874
000442
000414
002929
005527
008162
002139
007630
005936
006867
007167
002287
007357
008436
003760
005920
007709
005981
000856
004705
001605
003741
000592
005453
004505
008150
006480
004514
006394
000301
003290
006034
003066
005398
001139
006818
008079
005318
005378
004220
005351
000428
001052
004942
007721
007115
006062
007990
000120
006741
006030
003097
003240
006742
001362
003454
001998
001013
006886
004144
003835
002495
004986
004887
003615
005086
005126
003805
003279
000696
008524
008344
003998
003777
006824
004131
005440
008484
000020
004322
004480
004972
002711
002823
006710
004004
002826
006274
005184
005310
005619
006152
007304
003237
004264
000985
001787
003289
008429
001806
003721
008431
006106
006309
001327
001823
001517
003305
007007
003401
005475
001271
006750
002660
007519
000969
002677
006905
006235
002705
000012
007210
008501
006488
001861
002793
008499
003922
004428
000088
004596
002433
004999
004703
006121
006931
006481
004092
007590
006165
001870
008359
003104
008249
004187
003504
008003
006180
002399
002392
007278
008409
000538
003167
000109
008288
008219
001056
007582
005731
003011
006573
008224
005621
002294
004473
003361
007874
005546
007921
000776
001473
005949
008049
006490
005418
005084
006997
008228
005896
006641
002237
007607
002589
006737
000958
005821
001749
004707
000082
007459
000652
002937
001634
002198
001739
006857
005677
003421
003101
005457
000252
005608
000475
003061
004482
008043
001817
007734
000376
007834
005587
000660
007175
005915
001399
001416
005828
004267
007767
004685
006831
007437
006639
001786
006419
006211
007286
008371
005380
006228
002598
002892
000103
004941
004918
002840
003130
007625
000723
007682
002701
002960
005302
004113
002379
005872
000858
003264
002648
006620
006891
001213
007378
005762
000126
006918
007287
002450
001840
003902
003413
007813
002893
007788
002215
007927
002319
001359
006103
006012
007649
002419
007705
005498
001348
002012
006597
001937
007690
004650
002385
007131
003732
001691
007717
001986
000066
007820
001394
002509
008230
005158
001938
008031
003966
006720
001125
001500
006874
006146
005272
002098
005704
003585
007139
002072
003472
008425
003150
003381
002730
005144
005394
006044
004870
005501
006230
001240
007664
003838
005379
005982
003222
006150
006637
007422
008023
001307
005246
008498
003523
000286
002736
007438
001848
004912
001706
002134
003810
002096
007219
005560
002856
007194
000200
001873
004948
007897
004593
006090
005189
002518
001209
005908
004713
008054
004058
006894
006856
003326
008278
003895
000349
005240
003582
007580
006263
007168
006932
000049
008459
000045
005823
008516
005151
007911
001719
002498
007864
002599
007796
005792
003821
001598
007320
001544
003165
005469
006691
001967
008127
004184
003270
001285
002236
004193
003634
000790
004927
007933
007017
005023
005304
001564
001319
003015
000241
001441
004680
006795
005462
002244
006949
006020
006041
006940
001747
008264
007155
001995
007910
005831
001862
005611
001494
007875
002541
002376
000236
005211
001055
000729
008270
007244
001746
008234
005455
008169
001608
003549
000522
005631
002768
004328
002507
006952
004014
008422
003604
000074
007312
003193
007049
000477
003974
004859
003164
003999
000695
004858
003682
006986
003177
000912
006143
001600
004531
002034
003693
007359
001989
002255
006614
000070
006083
004675
000683
007255
006557
007930
000176
007684
001939
003354
003175
002086
002926
004500
002427
003393
000038
001029
005027
004843
006696
001496
006534
005016
007516
002939
002985
004647
007487
005782
006439
006823
002894
002967
006869
004678
001866
002189
007314
004403
000552
002971
000820
004134
005940
007116
007478
005312
001720
002278
007620
002227
001911
007812
004126
000447
007372
001685
005362
001119
000409
006001
000177
001542
000716
000738
001158
008308
003918
002151
005597
001323
005228
003520
000400
002409
007666
003627
006882
000343
003132
003889
006679
004228
003180
001176
004594
006617
003100
000785
001692
001621
001872
000429
000740
002575
004965
006465
006306
001350
003432
002848
000304
002106
003297
002396
007215
004185
001646
007433
005673
001452
004073
003379
006404
004938
002082
006167
004153
003811
005306
006889
005630
007326
003713
002238
006354
004274
004291
008179
008118
001774
000059
006117
000593
005794
000752
006352
002762
005109
003371
002341
001857
000018
003954
000732
003242
007996
002353
007247
008349
003910
007088
004947
005815
005690
006407
000506
006300
002749
002796
004319
001369
003129
007814
006156
005750
005641
002513
004492
000247
005688
000261
001420
001725
002298
007086
003226
005979
003020
001518
004203
001976
002159
006588
003035
005865
008112
003263
007496
001983
002354
007114
007354
001519
000348
003161
001311
006358
006221
005006
006810
008113
000327
007282
001284
004117
005338
000330
005291
000352
007174
003199
003546
005113
004968
006777
008047
000134
007456
007476
003499
000456
008369
000225
007759
007544
007899
006493
006960
005891
005784
006456
002855
007852
005993
007323
003751
007150
000142
004645
005461
006913
007268
001554
008103
004282
001628
008399
005814
006514
003121
004363
006811
008259
005145
005512
007080
005035
004091
001933
001431
004521
007189
005276
007668
006059
001122
000877
007526
000179
004307
005793
008494
006385
008186
001581
005643
005000
001221
008518
003734
003687
002149
006072
008106
004051
002148
000575
006804
002312
007576
006245
005622
003328
001318
006292
002836
004275
005358
004597
005231
001916
000465
001173
007063
006013
002556
